GC 68 invokes.
Index    Invoke Time(sec)       Use Size(byte)     Total Size(byte)         Total Object                    GC Time(ms)
    1               0.032               181160               685440                17136         2.08900000000000751754
    2               0.044 18446744073709486336               685440                17136         2.29399999999999071321
    3               0.062 18446744073709491296               685440                17136         0.77499999999997015721
    4               0.078               179600               685440                17136         0.15900000000002023626
    5               0.087               179600               685440                17136         0.85400000000004916423
    6               0.097 18446744073709449456               685440                17136         1.54800000000002158096
    7               0.136               179640               685440                17136         2.01499999999993351096
    8               0.161               179600               685440                17136         1.11100000000019516477
    9               0.183               179560               685440                17136         1.84200000000012131807
   10               0.208               179560               685440                17136         1.58899999999972951770
   11               0.234               179560               685440                17136         1.24099999999982557597
   12               0.256               179560               685440                17136         1.45499999999987306154
   13               0.282               179560               685440                17136         1.47099999999994457411
   14               0.305               179560               685440                17136         1.35400000000024389735
   15               0.327               179560               685440                17136         1.52299999999977453413
   16               0.348               179560               685440                17136         2.14999999999987423394
   17               0.375               179560               685440                17136         1.67000000000000481393
   18               0.399               179560               685440                17136         1.85299999999988251886
   19               0.426               179560               685440                17136         1.89400000000039536729
   20               0.450               179560               685440                17136         1.88500000000002554401
   21               0.481               179560               685440                17136         1.46599999999963426234
   22               0.507               179560               685440                17136         1.73099999999992704147
   23               0.535               179560               685440                17136         1.53600000000020386892
   24               0.558               179560               685440                17136         2.00999999999984524379
   25               0.584               179560               685440                17136         1.41999999999997683631
   26               0.606               179560               685440                17136         1.91099999999966296826
   27               0.628               179560               685440                17136         1.71199999999949170615
   28               0.649               179560               685440                17136         1.52199999999969026732
   29               0.671               179560               685440                17136         1.90200000000095847952
   30               0.694               179560               685440                17136         1.53399999999981329069
   31               0.715               179560               685440                17136         1.53500000000006409095
   32               0.741               179560               685440                17136         1.67699999999970650322
   33               0.767               179560               685440                17136         1.70499999999995655031
   34               0.792               179560               685440                17136         1.80699999999989202593
   35               0.814               179560               685440                17136         1.60599999999999631939
   36               0.837               179560               685440                17136         1.64199999999981027798
   37               0.857               179560               685440                17136         1.75999999999987277732
   38               0.880               179560               685440                17136         1.51900000000015911183
   39               0.902               179560               685440                17136         1.50399999999994982147
   40               0.925               179560               685440                17136         1.52899999999944746776
   41               0.949               179560               685440                17136         1.39199999999961576691
   42               0.973               179560               685440                17136         1.83600000000039287329
   43               0.996               179560               685440                17136         1.97800000000025733016
   44               1.020               179560               685440                17136         1.83399999999944718354
   45               1.048               179560               685440                17136         1.43300000000023963764
   46               1.070               179560               685440                17136         1.49700000000008159873
   47               1.094               179560               685440                17136         1.51700000000021262281
   48               1.117               179560               685440                17136         1.52699999999961200103
   49               1.141               179560               685440                17136         1.50600000000111755583
   50               1.161               179560               685440                17136         1.56000000000044991566
   51               1.188               179560               685440                17136         1.18800000000063299410
   52               1.208               179560               685440                17136         1.48800000000037790926
   53               1.228               179560               685440                17136         1.87999999999877154266
   54               1.253               179560               685440                17136         1.60099999999885334034
   55               1.278               179560               685440                17136         1.61199999999883658575
   56               1.303               179560               685440                17136         1.37699999999996158806
   57               1.328               179560               685440                17136         1.51499999999971102227
   58               1.350               179560               685440                17136         1.80499999999983451460
   59               1.375               179560               685440                17136         1.38099999999963252151
   60               1.397               179560               685440                17136         1.58400000000047391779
   61               1.421               179560               685440                17136         1.43099999999907190329
   62               1.440               179560               685440                17136         1.92999999999909910287
   63               1.463               179560               685440                17136         1.48500000000040266457
   64               1.484               179560               685440                17136         1.34600000000006936318
   65               1.505               179560               685440                17136         1.93299999999929639216
   66               1.528                    0                    0                    0         0.92800000000092808250
